38689 852 -1 42 3091 14 34 14 -34 333.33 497.29 34 2 0 0020 0c5198ba 8c1fa0a8 0c272ea4
38689 852 -1 42 3091 14 34 14 -34 333.33 480.14 34 2 0 0020 0c5198ba 8c1fa0ac 0c272ea4
38689 852 -1 42 3091 14 34 14 -34 333.33 463.00 34 2 0 0020 0c5198ba 8c1fa0b0 0c272ea4
38689 852 -1 42 3091 14 34 14 -34 333.33 445.86 34 2 0 0020 0c5198ba 8c1fa0b4 0c272ea4
38689 852 -1 42 3091 14 34 14 -34 333.33 428.71 34 2 0 0020 0c5198ba 8c1fa0b8 0c272ea4
38689 852 -1 42 3091 14 34 14 -34 333.33 411.57 34 2 0 0020 0c5198ba 8c1fa0bc 0c272ea4
38689 852 -1 42 3091 14 34 14 -34 333.33 394.43 34 2 0 0020 0c5198ba 8c1fa0c0 0c272ea4
38689 852 -1 42 3091 14 34 14 -34 333.33 377.29 34 2 0 0020 0c5198ba 8c1fa0c4 0c272ea4
38689 852 -1 42 3092 -6 3 8 -37 323.33 370.86 3 0 0 0020 0c5198c2 8c1fa0c8 0c272ea4
38689 852 -1 42 3093 0 -36 8 -1 323.33 448.00 65500 5 0 0020 0c5198ca 8c1fa0cc 0c272ea4
38689 852 -1 42 3093 0 -36 8 -1 310.00 448.00 65500 5 0 0020 0c5198ca 8c1fa0d0 0c272ea4
38689 889 -1 42 3205 64 0 64 0 416.67 467.29 0 0 1 0010 0c519e5c 8c1fa0d4 0c272594
38689 889 -1 42 3205 64 0 64 0 390.00 467.29 0 0 1 0010 0c519e5c 8c1fa0d8 0c272594
38689 889 -1 42 3227 -24 0 40 0 376.67 467.29 0 0 1 0010 0c519e64 8c1fa0dc 0c272594
38689 889 -1 42 3227 -24 0 40 0 350.00 467.29 0 0 1 0010 0c519e64 8c1fa0e0 0c272594
38689 889 -1 42 3227 -24 0 40 0 323.33 467.29 0 0 1 0010 0c519e64 8c1fa0e4 0c272594
38689 889 -1 42 3227 -24 0 40 0 296.67 467.29 0 0 1 0010 0c519e64 8c1fa0e8 0c272594
38689 889 -1 42 3227 -24 0 40 0 270.00 467.29 0 0 1 0010 0c519e64 8c1fa0ec 0c272594
38689 889 -1 42 3227 -24 0 40 0 243.33 467.29 0 0 1 0010 0c519e64 8c1fa0f0 0c272594
38689 889 -1 42 3227 -24 0 40 0 216.67 467.29 0 0 1 0010 0c519e64 8c1fa0f4 0c272594
38689 889 -1 42 3227 -24 0 40 0 190.00 467.29 0 0 1 0010 0c519e64 8c1fa0f8 0c272594
38689 889 -1 42 3228 -16 1 24 -1 350.00 448.00 1 0 1 0010 0c519e6c 8c1fa0fc 0c272594
38689 889 -1 42 3228 -16 1 24 -1 336.67 448.00 1 0 1 0010 0c519e6c 8c1fa100 0c272594
38689 889 -1 42 3229 -48 3 -24 -4 270.00 441.57 3 0 1 0010 0c519e74 8c1fa104 0c272594
38689 889 -1 42 3229 -48 3 -24 -4 256.67 441.57 3 0 1 0010 0c519e74 8c1fa108 0c272594
38689 889 -1 42 3206 -16 -4 -40 0 243.33 467.29 65532 7 1 0010 0c519e7c 8c1fa10c 0c272594
38689 889 -1 42 3230 -16 -5 -56 5 216.67 460.86 65531 7 1 0010 0c519e84 8c1fa110 0c272594
38689 889 -1 42 3230 -16 -5 -56 5 203.33 460.86 65531 7 1 0010 0c519e84 8c1fa114 0c272594
38689 66 0 42 234 40 84 40 -84 376.67 261.14 84 5 0 0000 0c50a186 8c1f9f9c 0c268340
38689 66 0 42 234 40 84 40 -84 363.33 261.14 84 5 0 0000 0c50a186 8c1f9fa0 0c268340
38689 66 0 42 236 0 -4 40 -80 376.67 269.71 65532 7 0 0000 0c50a18e 8c1f9fa4 0c268340
38689 66 0 42 236 0 -4 40 -80 363.33 269.71 65532 7 0 0000 0c50a18e 8c1f9fa8 0c268340
38689 66 0 42 242 -10 -16 30 -64 360.00 321.14 65520 7 0 0000 0c50a196 8c1f9fac 0c268340
38689 66 0 42 242 -10 -16 30 -64 360.00 304.00 65520 7 0 0000 0c50a196 8c1f9fb0 0c268340
38689 66 0 42 228 -21 49 9 -113 325.00 199.00 49 3 0 0000 0c50a19e 8c1f9fb4 0c268340
38689 66 0 42 230 7 -1 16 -112 336.67 218.29 65535 7 0 0000 0c50a1a6 8c1f9fb8 0c268340
38689 66 0 42 230 7 -1 16 -112 336.67 201.14 65535 7 0 0000 0c50a1a6 8c1f9fbc 0c268340
38689 66 0 42 235 8 -16 24 -96 350.00 286.86 65520 7 0 0000 0c50a1ae 8c1f9fc0 0c268340
38689 66 0 42 235 8 -16 24 -96 350.00 252.57 65520 7 0 0000 0c50a1ae 8c1f9fc4 0c268340
38689 66 0 42 243 0 -32 24 -64 350.00 321.14 65504 6 0 0000 0c50a1b6 8c1f9fc8 0c268340
38689 66 0 42 243 0 -32 24 -64 323.33 321.14 65504 6 0 0000 0c50a1b6 8c1f9fcc 0c268340
38689 66 0 42 246 0 -16 24 -48 350.00 355.43 65520 7 0 0000 0c50a1be 8c1f9fd0 0c268340
38689 66 0 42 229 -16 68 8 -116 323.33 192.57 68 4 0 0000 0c50a1c6 8c1f9fd4 0c268340
38689 66 0 42 229 -16 68 8 -116 310.00 192.57 68 4 0 0000 0c50a1c6 8c1f9fd8 0c268340
38689 66 0 42 229 -16 68 8 -116 296.67 192.57 68 4 0 0000 0c50a1c6 8c1f9fdc 0c268340
38689 66 0 42 229 -16 68 8 -116 283.33 192.57 68 4 0 0000 0c50a1c6 8c1f9fe0 0c268340
38689 66 0 42 231 0 -4 8 -112 323.33 218.29 65532 7 0 0000 0c50a1ce 8c1f9fe4 0c268340
38689 66 0 42 237 0 -16 8 -96 323.33 252.57 65520 7 0 0000 0c50a1d6 8c1f9fe8 0c268340
38689 66 0 42 241 0 -16 8 -80 323.33 286.86 65520 7 0 0000 0c50a1de 8c1f9fec 0c268340
38689 66 0 42 244 0 -32 8 -48 323.33 355.43 65504 6 0 0000 0c50a1e6 8c1f9ff0 0c268340
38689 66 0 42 248 0 -16 8 -32 323.33 389.71 65520 7 0 0000 0c50a1ee 8c1f9ff4 0c268340
38689 66 0 42 250 0 -16 8 -16 323.33 424.00 65520 7 0 0000 0c50a1f6 8c1f9ff8 0c268340
38689 66 0 42 232 -16 96 -8 -112 296.67 218.29 96 6 0 0000 0c50a1fe 8c1f9ffc 0c268340
38689 66 0 42 238 0 -16 -8 -96 296.67 252.57 65520 7 0 0000 0c50a206 8c1fa000 0c268340
38689 66 0 42 240 0 -16 -8 -80 296.67 286.86 65520 7 0 0000 0c50a20e 8c1fa004 0c268340
38689 66 0 42 245 0 -16 -8 -64 296.67 321.14 65520 7 0 0000 0c50a216 8c1fa008 0c268340
38689 66 0 42 247 0 -16 -8 -48 296.67 355.43 65520 7 0 0000 0c50a21e 8c1fa00c 0c268340
38689 66 0 42 247 0 -16 -8 -48 296.67 338.29 65520 7 0 0000 0c50a21e 8c1fa010 0c268340
38689 66 0 42 249 0 -16 -8 -32 296.67 389.71 65520 7 0 0000 0c50a226 8c1fa014 0c268340
38689 66 0 42 249 0 -16 -8 -32 296.67 372.57 65520 7 0 0000 0c50a226 8c1fa018 0c268340
38689 66 0 42 251 0 -16 -8 -16 296.67 406.86 65520 7 0 0000 0c50a22e 8c1fa01c 0c268340
38689 66 0 42 233 -16 88 -24 -104 270.00 218.29 88 5 0 0000 0c50a236 8c1fa020 0c268340
38689 66 0 42 239 0 -8 -24 -96 270.00 286.86 65528 7 0 0000 0c50a23e 8c1fa024 0c268340
38689 66 0 42 239 0 -8 -24 -96 270.00 269.71 65528 7 0 0000 0c50a23e 8c1fa028 0c268340
38689 66 0 42 239 0 -8 -24 -96 270.00 252.57 65528 7 0 0000 0c50a23e 8c1fa02c 0c268340
38689 66 0 42 239 0 -8 -24 -96 270.00 235.43 65528 7 0 0000 0c50a23e 8c1fa030 0c268340
38689 731 -1 42 2905 29 96 29 -96 358.33 252.57 96 6 0 0000 0c518410 8c1fa118 0c26afc4
38689 731 -1 42 2905 29 96 29 -96 331.67 252.57 96 6 0 0000 0c518410 8c1fa11c 0c26afc4
38689 731 -1 42 2904 3 -16 32 -80 363.33 286.86 65520 7 0 0000 0c518418 8c1fa120 0c26afc4
38689 731 -1 42 2904 3 -16 32 -80 336.67 286.86 65520 7 0 0000 0c518418 8c1fa124 0c26afc4
38689 731 -1 42 2904 3 -16 32 -80 310.00 286.86 65520 7 0 0000 0c518418 8c1fa128 0c26afc4
38689 731 -1 42 2904 3 -16 32 -80 283.33 286.86 65520 7 0 0000 0c518418 8c1fa12c 0c26afc4
38689 731 -1 42 2904 3 -16 32 -80 256.67 286.86 65520 7 0 0000 0c518418 8c1fa130 0c26afc4
38689 731 -1 42 2904 3 -16 32 -80 230.00 286.86 65520 7 0 0000 0c518418 8c1fa134 0c26afc4
38689 731 -1 42 2904 3 -16 32 -80 203.33 286.86 65520 7 0 0000 0c518418 8c1fa138 0c26afc4
38689 731 -1 42 2904 3 -16 32 -80 176.67 286.86 65520 7 0 0000 0c518418 8c1fa13c 0c26afc4
38689 731 -1 42 2907 -49 -16 -17 -64 281.67 304.00 65520 7 0 0000 0c518420 8c1fa140 0c26afc4
38689 731 -1 42 2906 -7 32 -24 -96 270.00 252.57 32 2 0 0000 0c518428 8c1fa144 0c26afc4
38689 731 -1 42 1624 0 -32 -24 -64 270.00 304.00 65504 6 0 0000 0c518430 8c1fa148 0c26afc4
38689 731 -1 42 1624 0 -32 -24 -64 256.67 304.00 65504 6 0 0000 0c518430 8c1fa14c 0c26afc4
38689 731 -1 42 19 -9 17 -33 -81 255.00 267.57 17 1 0 8000 0c518438 8c1fa150 0c26afc4
38689 760 -1 42 3006 40 96 40 -96 376.67 355.43 96 6 0 0000 0c51881a 8c1fa154 0c26adf4
38689 760 -1 42 3006 40 96 40 -96 376.67 286.86 96 6 0 0000 0c51881a 8c1fa158 0c26adf4
38689 760 -1 42 2998 -32 1 8 -97 310.00 233.29 1 0 0 8000 0c518822 8c1fa15c 0c26adf4
38689 760 -1 42 2998 -32 1 8 -97 323.33 233.29 1 0 0 8000 0c518822 8c1fa160 0c26adf4
38689 760 -1 42 3008 0 -1 8 -96 323.33 286.86 65535 7 0 0000 0c51882a 8c1fa164 0c26adf4
38689 760 -1 42 3008 0 -1 8 -96 323.33 252.57 65535 7 0 0000 0c51882a 8c1fa168 0c26adf4
38689 760 -1 42 467 0 -32 8 -64 323.33 321.14 65504 6 0 0000 0c518832 8c1fa16c 0c26adf4
38689 760 -1 42 3009 0 -16 8 -48 323.33 338.29 65520 7 0 0000 0c51883a 8c1fa170 0c26adf4
38689 760 -1 42 3009 0 -16 8 -48 310.00 338.29 65520 7 0 0000 0c51883a 8c1fa174 0c26adf4
38689 760 -1 42 3009 0 -16 8 -48 296.67 338.29 65520 7 0 0000 0c51883a 8c1fa178 0c26adf4
38689 760 -1 42 3009 0 -16 8 -48 283.33 338.29 65520 7 0 0000 0c51883a 8c1fa17c 0c26adf4
38689 760 -1 42 3005 -16 49 -8 -97 296.67 233.29 49 3 0 0000 0c518842 8c1fa180 0c26adf4
38689 760 -1 42 3005 -16 49 -8 -97 283.33 233.29 49 3 0 0000 0c518842 8c1fa184 0c26adf4
38689 760 -1 42 2996 0 -1 -8 -96 296.67 252.57 65535 7 0 8000 0c51884a 8c1fa188 0c26adf4
38689 760 -1 42 3010 0 -16 -8 -80 296.67 286.86 65520 7 0 0000 0c518852 8c1fa18c 0c26adf4
38689 760 -1 42 467 0 -16 -8 -64 296.67 321.14 65520 7 0 0000 0c51885a 8c1fa190 0c26adf4
38689 760 -1 42 3007 -16 32 -24 -96 270.00 355.43 32 2 0 0000 0c518862 8c1fa194 0c26adf4
38689 760 -1 42 3007 -16 32 -24 -96 270.00 286.86 32 2 0 0000 0c518862 8c1fa198 0c26adf4
38689 760 -1 42 3011 -32 -55 -56 -41 216.67 353.29 65481 4 0 0000 0c51886a 8c1fa19c 0c26adf4
38689 40 1 23 218 56 88 -56 -88 426.67 313.00 88 5 0 0000 0c8fd17e 8c1fa034 0c2688e4
38689 40 1 23 209 -12 -84 -44 -4 446.67 441.57 65452 2 0 0000 0c8fd186 8c1fa038 0c2688e4
38689 40 1 23 206 -19 85 -25 -89 478.33 259.43 85 5 0 0000 0c8fd18e 8c1fa03c 0c2688e4
38689 40 1 23 212 15 -33 -40 -56 453.33 450.14 65503 5 0 0000 0c8fd196 8c1fa040 0c2688e4
38689 40 1 23 212 15 -33 -40 -56 453.33 415.86 65503 5 0 0000 0c8fd196 8c1fa044 0c2688e4
38689 40 1 23 212 15 -33 -40 -56 453.33 381.57 65503 5 0 0000 0c8fd196 8c1fa048 0c2688e4
38689 40 1 23 212 15 -33 -40 -56 453.33 347.29 65503 5 0 0000 0c8fd196 8c1fa04c 0c2688e4
38689 40 1 23 210 -16 64 -24 -120 480.00 450.14 64 4 0 0000 0c8fd19e 8c1fa050 0c2688e4
38689 40 1 23 210 -16 64 -24 -120 480.00 381.57 64 4 0 0000 0c8fd19e 8c1fa054 0c2688e4
38689 40 1 23 210 -16 64 -24 -120 533.33 450.14 64 4 0 0000 0c8fd19e 8c1fa058 0c2688e4
38689 40 1 23 210 -16 64 -24 -120 533.33 381.57 64 4 0 0000 0c8fd19e 8c1fa05c 0c2688e4
38689 40 1 23 210 -16 64 -24 -120 480.00 313.00 64 4 0 0000 0c8fd19e 8c1fa060 0c2688e4
38689 40 1 23 210 -16 64 -24 -120 480.00 244.43 64 4 0 0000 0c8fd19e 8c1fa064 0c2688e4
38689 40 1 23 210 -16 64 -24 -120 533.33 313.00 64 4 0 0000 0c8fd19e 8c1fa068 0c2688e4
38689 40 1 23 210 -16 64 -24 -120 533.33 244.43 64 4 0 0000 0c8fd19e 8c1fa06c 0c2688e4
38689 40 1 23 215 0 -80 -24 -40 480.00 381.57 65456 3 0 0000 0c8fd1a6 8c1fa070 0c2688e4
38689 40 1 23 215 0 -80 -24 -40 480.00 364.43 65456 3 0 0000 0c8fd1a6 8c1fa074 0c2688e4
38689 40 1 23 219 0 -16 -24 -24 480.00 415.86 65520 7 0 0000 0c8fd1ae 8c1fa078 0c2688e4
38689 40 1 23 217 0 -16 -24 -8 480.00 433.00 65520 7 0 0000 0c8fd1b6 8c1fa07c 0c2688e4
38689 40 1 23 207 -26 32 2 -40 523.33 381.57 32 2 0 0000 0c8fd1be 8c1fa080 0c2688e4
38689 40 1 23 207 -26 32 2 -40 523.33 364.43 32 2 0 0000 0c8fd1be 8c1fa084 0c2688e4
38689 40 1 23 214 -16 87 18 -127 550.00 178.00 87 5 0 0000 0c8fd1c6 8c1fa088 0c2688e4
38689 40 1 23 216 10 -87 8 -40 533.33 381.57 65449 2 0 0000 0c8fd1ce 8c1fa08c 0c2688e4
38689 40 1 23 213 0 -16 8 -24 533.33 450.14 65520 7 0 0000 0c8fd1d6 8c1fa090 0c2688e4
38689 40 1 23 211 -16 103 24 -127 560.00 298.00 103 6 0 0000 0c8fd1de 8c1fa094 0c2688e4
38689 40 1 23 211 -16 103 24 -127 560.00 263.71 103 6 0 0000 0c8fd1de 8c1fa098 0c2688e4
38689 40 1 23 211 -16 103 24 -127 560.00 229.43 103 6 0 0000 0c8fd1de 8c1fa09c 0c2688e4
38689 40 1 23 211 -16 103 24 -127 560.00 195.14 103 6 0 0000 0c8fd1de 8c1fa0a0 0c2688e4
38689 40 1 23 208 0 -96 24 -31 560.00 383.71 65440 2 0 0000 0c8fd1e6 8c1fa0a4 0c2688e4
